"","Stylish","Wholesome","Adventurous","Energetic","Happy","Upbeat","Fun","Reliable","Inspiring","Down-to-earth","Unique","Depressing","Tough","Conventional","Tense","Sophisticated","Intense","Rebellious","Amusing","Warm","Aggressive","Sensual","Peaceful","Romantic","Imaginative","Charming","Passionate","Dreamy","Intelligent"
"Adele",0.0265426393797639,0.0216224402125957,0.008992047870004,0.0507085060199612,0.0145229782791071,0.0385931516201011,0.0327151209616876,0.00122177278755024,0.120391429581781,0.0318823307711568,0.0203432208603,0.00109992734013419,0.0137929708721593,0.00711972282148821,0.0086895216150083,0.0324195794165296,0.116229024296111,0.0262891872670616,0.0206398470296415,0.0275703916059439,0.00767241494832621,0.0954992875218493,0.000251865067567093,0.0791376153529379,0.0327840079450384,0.0143288515092911,0.0951837812864189,0.0330382371405736,0.0207181286199105
"Maroon 5",0.0569563805325007,0.00175486804722716,0.0556480391085772,0.110327014479851,0.0270166652556799,0.197410332942357,0.0829695516757386,0.0116485339769066,0.055649381660157,0.0540522245357377,0.0302883188561525,0.000680542407433154,0.0192205460268995,0.0132968057079738,0.00254733475289678,0.00902616258933469,0.0110756133974362,0.0200848866325354,0.0102961404047546,0.00415014897615303,0.00908591484299182,0.00997396538495964,0.00377513019438872,0.030610465295589,0.0457459326767193,0.037991899968669,0.0472850333292651,0.0294143242312679,0.0120178421098475
"Bruno Mars",0.0436698885564926,0.0120855164779844,0.0270788816695695,0.139178332115386,0.0423880841326708,0.133059250366504,0.107027778944962,0.0036267850610083,0.0185708400233881,0.0201181780723585,0.0351126329428871,0.000825918782298786,0.00363830202493185,0.00254677704553534,0.00160794134600552,0.00258462948160143,0.0269578552642768,0.0111682287556279,0.0192233899003311,0.0203359485397127,0.00826815631952721,0.0336673825083606,0.0100842782174309,0.102038914679389,0.0340886870481266,0.0416261052403903,0.03679602087321,0.0531512992329738,0.00947399637705925
"Pink",0.0197570982524071,0.00316230056001088,0.0460978789841091,0.166892394123143,0.0317460286468801,0.0837810387113711,0.0653266227723254,0.00430975943805951,0.0555659801131911,0.011797980690908,0.0300243023523663,0.0032125998002372,0.0205394472366832,0.000273401125794682,0.00380825859037858,0.0116041690291025,0.085304460712753,0.112220423583519,0.020370923369666,0.00444431606630335,0.0395999876136638,0.0104590667274355,0.0105901892036678,0.0309835706458334,0.0407966545814712,0.0107695060388574,0.0562250925835869,0.0202415102221133,9.50382241610629e-05
"Coldplay",0.0203030685645698,0.0142495599856048,0.0431021285248895,0.10268953841569,0.0296381618809209,0.100161594389027,0.0636484061842555,0.000436544607455127,0.0503473790319447,0.0523340226165311,0.0301480893206922,0.00232606132561369,0.0128220900773849,0.00992025241450972,0.002335253171724,0.0209414038061641,0.0494803601406819,0.0219880061612016,0.00302768312466303,0.0036120273592877,0.0122989229619474,0.0322415360237083,0.011453279557643,0.0317669943656957,0.0613851957737195,0.0427087035399839,0.061781087918404,0.0733060922846173,0.0395465564714688
"Justin Timberlake",0.108320642015263,0.0108451812038179,0.0514041461297927,0.0879940212350145,0.029239631865105,0.0886459088338883,0.111178476739035,0.0300162151910843,0.0684398613337559,0.00176130011341068,0.0329287782509916,0.00311116436909194,0.00412983726226107,0.000173057817579243,0.00177779864597383,0.00378544896828807,0.0231392986596241,0.0042592499356271,0.0332329902131815,0.0208353697931545,0.00249850542667636,0.0530111673619531,0.0241266698752413,0.0306804603675412,0.0120862753964284,0.0680479917207407,0.039994199626326,0.0416345554645174,0.0127017961846347
"Katy Perry",0.0449975019345361,0.0136478216180006,0.0233915610115412,0.10513433571441,0.091114614518067,0.145575074472295,0.0845856279593254,0.000922153222002164,0.0646732496904404,0.0350958558652762,0.0512321571035323,0.0033653769018268,0.0123080697884799,5.35350896967642e-05,0.00223217830747013,0.00192142797777833,0.0203185175090881,0.053757132150692,0.0317050964229915,0.0138382354374484,6.14464496027263e-05,0.011097616339463,0.00324186584641317,0.0150249830315532,0.0407580810982297,0.0219312652269034,0.061797874120346,0.0222492313986824,0.023968113793908
"Luke Bryan",0.0142373393374097,0.0231862189743549,0.02108830545775,0.148569942651002,0.0808897023722283,0.0717980634284899,0.118221524785596,0.00111078138424586,0.0115500154194987,0.0787537207428165,0.00377431435549375,9.13589084779388e-05,0.0031764527597052,0.000146986719955059,3.12751924573222e-06,0.00252712009288719,0.0133224732169637,0.0330792214468734,0.0243855670285732,0.0397472819683295,0.00282735583611139,0.000131211812537275,0.0305269276868975,0.0926349572822514,0.000431461914416061,0.0793983766296329,0.0298797012327104,0.0711878194982709,0.00332266953727585
"Beyonce",0.044373871013513,0.0143600620132096,0.010416681557252,0.107598194751604,0.0232946362966544,0.102923065597495,0.107220548899126,0.0147669030901398,0.107296301998426,0.0115369707334829,0.031687822062384,0.00470076835590061,0.00467604493314909,0.000282242560702406,0.00336167059525099,0.0244744462853387,0.0433361067443721,0.0256461910133326,0.0136299529800722,0.0144787121855989,0.0358827882177814,0.0944244403158811,0.010305912646359,0.0240730912536283,0.000815129924609758,0.00453075073828803,0.0848660292056155,0.00323233168450005,0.0318083323463315
"U2",0.00393112720452682,0.0224778654672985,0.0365853224614167,0.0696292150674635,0.0111854050196409,0.0588306012337334,0.113257017918762,0.0119869481098236,0.146689950302953,0.0454259140816725,0.038103603562099,0.00122305779389608,0.00408054819808841,0.0137981683363487,0.00291821468033292,0.0265560994725448,0.0796927251711099,0.0674321451481491,0.000244666062950233,0.0112693385646121,0.00510046843934191,0.023276013271258,0.00192308296153601,0.000266111392395403,0.0248726573705225,0.00311326104450793,0.0588731682333417,0.0262636235947557,0.0909936798349181
"Taylor Swift",0.0184196936377415,0.076541229061119,0.0277528570616468,0.0746632996033324,0.0376278683051411,0.0748058753560764,0.138468167159388,0.0134384895272662,0.0266833468231548,0.0638240801690436,0.0184682359754659,0.00273409823495604,0.0046551107779281,0.00254709901897557,0.00198653114177433,0.025791907635733,0.0173629114388535,0.0270078225563841,0.0429244792005775,0.0017331902021192,0.0254855338297364,0.0303096637625171,0.00138809167541019,0.0656885777363863,0.054357737945327,0.0307091203338675,0.0618702104809609,0.0151751163096698,0.0175796550394474
"Metallica",0.0516187635876,0.0153506479937116,0.0440771888175642,0.0943015027559462,0.0176009153361254,0.0254583037479309,0.0170531739586523,0.00106798129091973,0.0273857862496223,0.0304522597169508,0.0537791633955414,0.0015927322626968,0.0536633904295133,0.0294460598467107,0.00187913542811562,0.00237160898669852,0.167098448016828,0.154891908051962,0.0142177670465728,0.00347357532603917,0.116151453851916,0.0152828320037014,0.00455017291428299,0.00459199394076947,0.00421648816940517,0.00230545415379713,0.00359741750755262,0.0156513877113977,0.0268724875014764
"John Legend",0.00346725560947452,0.0036901550375207,0.00329620231296758,0.0433527319378732,0.0297767555754451,0.0621277214305117,0.0195278900456868,0.0060382611938357,0.082999359116494,0.0328338204093729,0.0418531145721903,0.00106869795172485,1.69377088911446e-05,0.0045192453240205,0.00299114829812859,0.046403542861886,0.0202316788362794,0.00366270610691441,0.0153658446894771,0.0694850722837976,0.0201298661899648,0.0458404819494463,0.015689751399532,0.25385428023983,0.00685031153585817,0.0309357134170805,0.0693778636127995,0.0313901557629145,0.0332234345900827
"George Strait",0.0142737914503415,0.0881172937108981,0.00602159339305114,0.043691388917138,0.0175920237392696,0.113952491930511,0.0594996132276346,0.00210373143067223,0.0726144444742949,0.143895335015408,0.0141045964955061,0.00208525766052298,0.00222619734377661,0.046200179421525,0.00347786840383016,0.00131543150913865,0.0593727160691607,0.0323143362660288,0.000309446029116286,0.0613110541330999,0.00293311418358418,0.0183804028212069,0.0191474151659946,0.0431936019724229,0.00614581725661913,0.0321969410005371,0.0289858160447252,0.0591270128395551,0.00541108809443129
"Imagine Dragons",0.0348277395420443,0.0074783304800156,0.0211909030086023,0.110746796693908,0.049090078651488,0.121271794629769,0.0961442594338858,0.00631506871834702,0.107782690568465,0.0349962862429661,0.0615434176954668,0.00273802797295721,0.00122511082524168,0.0309239451780214,0.00294372120664628,0.000461163524641673,0.00181669801936078,0.0211971365777427,0.0220745880439143,0.0213199144781485,0.0174033729182818,0.0353182580912252,0.00495530372028235,0.0507981951853817,0.0817203028019623,0.00720864438798052,0.0173520788386795,0.00656972809043632,0.0225864444741378
"Beatles",0.0063647186766115,0.0331263565146529,0.0353126378714929,0.0679446682226976,0.0946989381173977,0.126987861069103,0.0980278198379758,0.0199698917919675,0.0350542290045467,0.0178934497179244,0.00662456803231529,0.00262623059300062,0.00246866775817151,0.0313879698188318,0.00111748405496525,0.0513185548725911,0.0155779565330309,0.0510160465815053,0.0360004313769353,0.00641350183211993,0.00251352736246739,0.0223040995314421,0.000934714667043112,0.0226143013975779,0.0928447702840816,0.0165612441427282,0.0350896723406137,0.0200787002048751,0.0471269877913344
"Eagles",0.0231896666844103,0.0188001237679837,0.00583349963564025,0.0882311850159174,0.0651214117698642,0.0697271142155645,0.0548371813959993,0.0167456339429878,0.0886737809741141,0.054075536575993,0.0373750153482771,0.00541862838091655,0.00473079121824682,0.0172500801347431,0.00483906395261806,0.0392660587371002,0.0396160080116534,0.0187033789856302,0.0228929404797189,0.0699078409124961,0.00386326739816582,0.0366220845273535,0.0337090183479447,0.00651725144560949,0.0369828223641466,0.0218552386881974,0.0715412145423709,0.0232514286827758,0.0204227338635608
"Lady Antebellum",0.0190347627504664,0.0178669782420119,0.0172561732512034,0.0594129786823727,0.0183735367437142,0.137339197926214,0.150445161840814,0.00540097024453767,0.0493184214686377,0.0509193996416493,0.0369271083075848,0.000763260623107727,0.0180253134553556,0.000122848003420376,0.00390583542625289,0.0024566369372694,0.00169924723203867,0.0217664705585041,0.0515253951210998,0.018665432609162,0.00515722519063372,0.0172095679017456,0.0024636147273097,0.11961430739207,0.033868470055239,0.0506411518959207,0.0652673646763034,0.00254108769104423,0.0220120814043168
"Lady Gaga",0.0381000558012944,0.00116714795069001,0.016930817168804,0.137780767618914,0.0240683028968533,0.101327265666143,0.118277489002912,0.00366963849322767,0.0493495974468015,0.00479129160805746,0.0377398356780859,0.00566260041437272,0.00664723690307058,0.006688834900194,0.000679280093001447,0.00422956779558826,0.0569027730407958,0.149116169880086,0.00498742476591244,0.00477109962194177,0.0233768771644423,0.00204191999472414,0.007030216029215,0.0235366020005565,0.103227089993175,0.00288602287756926,0.0529870371300155,0.00546330868371185,0.00656372937984453
"Carrie Underwood",0.00149442545113466,0.0688959186719487,0.0201677293415961,0.0684457161823718,0.114060287418639,0.0479302105113876,0.046241245698229,0.0223571596239193,0.0997277828512222,0.114016514992949,0.0222831124993731,0.00748680427766635,5.37538600375182e-05,0.0345783294984032,0.00289980282333091,0.00675658716186255,0.0480331230868907,0.0202997397613387,0.000126252507758773,0.0162434210176808,0.0007199680370854,0.0501168227770812,0.0367709651838596,0.00105979670501299,0.006230016411256,0.0685521032303699,0.0382953216411028,0.0161983957050892,0.0199586930714023
"Lorde",0.0613651428580267,0.0019540749602572,0.020204180755216,0.0189960946855574,0.0411174264629515,0.00264542571101725,0.053517512963601,0.000255795486033844,0.0900013461560264,0.000247568225728159,0.0440277627627465,0.019432450126469,0.0558746940360694,0.00761413375628215,0.0384243954217584,0.0260142329330286,0.0600957278193374,0.0726994036659381,0.00754982323377718,0.0260688785835995,0.0193470698368333,0.053787397758549,0.00609293760923092,0.0254794459444958,0.108808052815012,0.000429843135260319,0.0209008325644423,0.0734021749674624,0.0436461747652922
"Pink Floyd",0.00499618481185056,0.00672671132914418,0.0678367017384193,0.0905567543771072,0.0325974152104636,0.0219584835655225,0.0202186010148663,0.00597608895288692,0.0305571443082277,0.0363445171566799,0.0791374245907875,0.0317312664614883,0.000637091002900026,0.0209863045413126,5.32406910804266e-05,0.0658583500306278,0.143045445318424,0.0470453293524222,0.00247385275117489,0.00125935996345001,0.019162641571794,0.0075027450624766,0.00477463905200194,0.00733401563845357,0.125635149840115,0.0213399119130655,0.0358276276298568,0.0468441555704137,0.0215828465529869
"Rolling Stones",0.00658910339252419,0.00361701415122023,0.0352077610799448,0.144624248384684,0.0517995552983933,0.124273381415364,0.0256748028439614,0.0232909354377028,0.00475709514796434,0.0350933870449058,0.053336729413266,0.00239803507054939,0.0420151246224946,0.00695697088803904,0.00129697138146186,0.00121244591131659,0.138737380747573,0.12368000832132,0.00374144135524341,0.0220524126161313,0.03664686083989,0.00121639617380842,0.00778326123250888,0.00475759922664735,0.053837489840331,0.00281599898119466,0.0349464682747889,0.00708928816120211,0.000551832745569518
"Billy Joel",0.0221510863917818,0.000527032205758618,4.38433014030668e-05,0.0723868638749529,0.0061680212920613,0.191832303058659,0.0690220377710028,0.021312250288338,0.0514399112759462,0.0865951555891157,7.09054615826346e-05,0.00258794506161412,0.0219431097610058,0.0217874597120677,0.00549531843577255,0.0366215825341336,0.0346235518103884,0.0867031176203924,0.0179357797123432,0.0209265730555395,0.000632000289535328,0.0394660449715059,0.00339482587621878,0.0583262015876229,0.0249932068884248,0.00297215044744232,0.00551553060870821,0.00509256274731663,0.0894336283693655
"Rascal Flatts",0.00332650836747609,0.0558586648794938,0.005171639602929,0.0768108042747957,0.0372910475004159,0.144088876289829,0.0933284299377909,0.00387582174295564,0.0371498595697079,0.0535177955856798,0.0199995309647016,0.00356586272651547,0.00766831383955823,0.0388470018683159,0.00266628254795248,0.0225532746577762,0.0347794955142609,0.0396671928809025,0.00192870946390843,0.070990410534185,0.00814459774276428,0.0250730045145989,0.00386735828923572,0.103612463763856,0.036941090970309,0.00840267725340642,0.018291003530741,0.0345900510207118,0.0079922301652262
"Blake Shelton",0.000482135258290644,0.0706047524699747,0.00448521884684197,0.0530451723244184,0.0280538906804972,0.0513197631764154,0.0720568488351905,0.00663578801609028,0.0440057575815319,0.139485424326993,0.00361545480212842,0.000705878660609356,0.0744665351306225,0.00988160023492353,0.00199114155508106,0.00760900101039371,0.0265601801604623,0.0964964523162817,0.0224648007417678,0.026243132501876,0.00177118055021126,0.0309302490139065,0.00537695152195856,0.0252414965687298,0.00587441982353631,0.110662048317778,0.046215995198277,0.004173537929982,0.0295451924452303
"Foo Fighters",0.00127002465444991,0.00330530957530359,0.0272749421151014,0.152494890014232,0.00511122205407672,0.0986240487333393,0.0835001360297508,0.00485068732230703,0.0436819459088564,0.0247024515276871,0.00434250238577129,0.00210708166188691,0.00366198340077251,0.0235334234798082,0.0080966680499014,0.00494225488608085,0.173604557192746,0.0966384203219225,0.0274074171165419,0.000365337517894895,0.102534898585154,0.00487424210598771,0.00640480014082257,0.00333152746072261,0.0237935345766688,0.00078286647010212,0.0405921945685521,0.00535619753607595,0.0228144346074837
"Miranda Lambert",0.0461258079131086,0.0247440008559408,0.028085394399697,0.0651731609624342,0.021023286253001,0.0830037474787974,0.0648863447102372,0.00581206782683689,0.0827088317348206,0.122060593172959,0.0422164416297047,0.00022009137420914,0.00298941895042786,0.00501004186933829,0.00417910270430999,0.0218582080045076,0.0406078737863241,0.113614826167107,0.0239224078751768,0.00788616458255939,0.00241139016445115,0.00764025686357568,0.00500984040762084,0.0398322086791924,0.0225120355019359,0.0584174144377438,0.0253486536372825,0.00943904693254479,0.0232613411241546
"Michael Buble",0.0282503842441724,0.0283681282166954,0.00389082536374763,0.0417388433981248,0.0415861211689827,0.0452489374062691,0.000679342655500857,0.0281652076203967,0.0225969723021699,0.00856615371268625,0.0262275603009695,0.0019480464877039,0.00433841420945637,0.027112158633318,0.00377790534925062,0.107602496302962,0.025347589227262,0.00601830316324261,0.000861347312235792,0.0631986157407986,0.00400941532708114,0.0876361305631402,0.00131775610676283,0.122408870658316,0.0231178261118687,0.0709131483393717,0.0256622366034156,0.122725869199889,0.0266853942742091
"One Republic",0.0234275382374259,0.0272518173668695,0.0294121515427233,0.0479226185683683,0.0502271143879442,0.105306810782205,0.10815918584672,0.00329638323109839,0.0444752492504611,0.0245887889149109,0.0246694121000625,0.00232892098252762,0.00835979283199585,0.00201149350646043,0.00340181408580443,0.00636113158177143,0.083302447340727,0.0618339226902136,0.0249337912916466,0.00247005439998217,3.80241915201456e-05,0.0406718268740718,0.00460618791791553,0.00222363399993608,0.108580858105057,0.0224606390670027,0.0443717126507832,0.0479448364387356,0.0453618418150604
"Casting Crowns",0.0260059494456691,0.0857757891597599,0.00424441384639723,0.0219237080051094,0.126420620277592,0.0841490829737595,0.00663413709180856,0.000158290220267615,0.270206910765097,0.0289515174624094,0.0020701728904507,0.000543787285376037,0.00120848326070265,0.00879996042054927,0.00708243272042543,0.00576013918541961,0.0285961356836104,0.00772070838853732,0.00132914640906136,0.0291627840285739,0.0211285588961658,0.00525512297013201,0.0270336282297048,0.00929913306621791,0.0425477190335699,0.0103778186506036,0.085899950402566,0.00199984126436127,0.0497140579661029
"Brad Paisley",0.00839718548179497,0.0335340051303782,0.0532124117965653,0.0711088114122609,0.0491241446711686,0.105054856589121,0.0816249140651493,0.0102790213628964,0.0245459413996881,0.0477475689065023,0.0289101196519806,0.00175842953208732,0.0046550979176946,0.00750912614223077,0.002285723927465,0.00820085057654808,0.0263173129757584,0.026993592288913,0.0470404658295097,0.0565886183530271,0.0278366670821334,0.00468001207919245,0.00785020384148886,0.0504658303940234,0.0288544487523929,0.0483734442879093,0.0522880903178148,0.0747089301234523,0.0100541751108533
"Bruce Springsteen",0.0107098701378901,0.00155386954872135,0.0587696507730308,0.103719083748666,0.00461944125394132,0.0303846267180562,0.0512356858157086,0.026209593950775,0.098237534509115,0.07550603009062,0.0545533114590633,0.0116871760593836,0.0293820010860499,0.00483628017211019,0.00293329248182884,0.030279402799577,0.0954521063807255,0.0322576379145884,0.0029991269364288,0.0337320701012805,0.0301742416469007,0.0248953041230077,0.00139067069076377,0.00848770026712822,0.0023548710943145,0.0116428599481248,0.103170701097148,0.00155559523433426,0.0572702639607174
"Tool",0.0496746719266891,0.00350418037460837,0.0451506134803489,0.0533320278598166,0.00798767186837708,0.0243719697829202,0.0264133658223247,0.0215708657762719,0.047942687677321,0.00705294977486598,0.00735147612477656,0.000869655411507639,0.0307535719588751,0.0064514104646308,0.000366788879793993,0.052839607054644,0.0665432090315968,0.0507481749646426,0.0101677432462222,0.0308419043116883,0.115577254137535,0.0026522174565791,0.00191828040795845,0.0103026580789836,0.117629476571856,0.00249206198895186,0.0468882596036829,0.0268377371656456,0.131767508796886
"Train",0.0334534587576953,0.0334891668162802,0.00515957156857991,0.121629386810638,0.0694328541238402,0.139433388119324,0.0765509090370989,0.0104140160551478,0.0325375347722727,0.0110017436450065,0.0495971333853088,0.00913751496531938,0.0104276369034626,0.00743399740091935,4.4812154690142e-05,0.00459946589308591,0.0479014886370904,0.0337454679738446,0.026765871231366,0.000321632826322109,0.00299919643333274,0.0560811561667452,0.0305494680676945,0.00176345437411657,0.0733569790677719,0.00826097236619608,0.0754722056983034,0.00433261348467275,0.0241069032638734
"Black Keys",0.00453130308289308,0.0370564855556506,0.0548373583213648,0.164154881946624,0.0397664235625437,0.08504664287261,0.119361806035497,0.0127077809288317,0.00358138196472512,0.0119790203731873,0.0397749279586477,0.00427182956318887,0.0114862789854872,0.00763713613376827,0.00502547825972868,0.00990520732335748,0.000258478042050848,0.110767847368547,0.0335251841814868,0.0047324521233059,0.038495487829577,0.0298554375217932,0.00304964266082769,0.011287664472579,0.0596988181545058,0.00160401091149185,0.0290685533358366,0.0279633658253861,0.0385691147045064
"Eminem",0.00565535877578702,0.00848908201294643,0.0275946609849692,0.055183799577978,0.00560091913359635,0.0808482413351708,0.00673572012389273,0.00482820401446535,0.0250423109990439,0.0286339429598406,0.00385622627742808,0.0112280745981118,0.0533790405108054,0.00524514510022949,0.00384297608181462,0.0101604937666905,0.153875242127034,0.238262152843157,0.00592306917956144,0.00624801129918052,0.125308690332573,0.0291042990356923,0.00751213857347195,0.0254504417493312,0.026591622852132,0.00545646461373796,0.0330989050728193,0.00631318282101084,0.000531583247528378
"Linkin Park",0.0241531038537879,0.00617306472881116,0.0324389402837786,0.104947739881297,0.0245116676723635,0.0263720994386037,0.0270922434878521,0.0247949993603956,0.0751407629101906,0.0288467518005581,0.00702235465122522,0.0286703895281343,0.0733214013071015,0.0265082474783352,0.0524147526383396,0.00669833558163982,0.122611930501127,0.0532479169615019,0.00624011618641574,0.0111019779623955,0.0492860052329324,0.00096052549683366,0.00176521353449484,0.0113958912944304,0.00825558975262151,0.0266492351567057,0.0800173501023625,0.0065402613571657,0.0528211318585989
"Paramore",0.00524898101233322,0.0119469333004544,0.0356528154893168,0.117765752101599,0.0022342299017165,0.162888830688325,0.0560636889397399,0.000857963744403784,0.0538204740363487,0.00121204639123443,0.0117574883640033,0.0015423279891168,0.0105935331381478,0.0101395326091177,0.0123277432744588,0.00795794113575068,0.0308553808800607,0.138043016486884,0.00933193107965148,0.0349682017249656,0.0591672371218284,0.00791638071184574,0.0103587184556796,0.0349140559572296,0.0304101016496417,0.0111117122398639,0.0667267193320319,0.0101707916202851,0.054015470623965
"Zac Brown Band",0.00932719721501584,0.0399603273160919,0.060744063168309,0.0624325648890781,0.0126827675211763,0.228453431128797,0.0630111309832764,0.00765292244595614,0.089346595635713,0.0828598837418048,0.0637382537231231,0.00984739630742697,0.00421051591090468,0.00748499910223934,0.00824348521344301,0.00551203231384143,0.00070632850229393,0.00888029940880412,0.0278730883257013,0.0298373067955938,0.0101423333336447,0.00224802498505565,0.029969360763367,0.00252369838609671,0.0582138334089484,0.00232050106207523,0.0610634174931829,0.0013542012583412,0.00936003966069785
"Drake",0.0316240991122026,0.00760547568275744,0.0596650860585011,0.100203473697443,0.0358555089202278,0.0354756523460658,0.0264107386284681,0.0301353240226756,0.00266129783847072,0.031771688022771,0.0785749018928195,0.00794971886630301,0.00758911932436127,0.0114515003063931,0.00559563890690007,0.0346765028872647,0.12727405668755,0.0501010400134157,0.000135177867190515,0.0327315001554419,0.024925056652887,0.0355354432455061,0.00704669288609579,0.0593444009711807,0.00338656923975227,0.0302164916365146,0.076803788809397,0.0108589779140205,0.0343950774074226
"Elton John",0.0554301630503896,0.0618781790102765,0.00365999278358895,0.0809910199929103,0.0588674449155543,0.0789473114293093,0.0868520327654349,0.0627474539383455,0.0562107596594921,0.000234117541435242,0.0119554420854149,0.00868219076646417,0.0106746887673222,0.0272144155742696,0.00811066743730669,0.0280341465246415,0.0799243981077829,0.0127030390483078,0.0361478426656171,0.033483050745205,0.00281346386813707,0.0113372226058351,0.00118508061821533,0.0028738689014425,0.0628439565187146,0.0121018440817764,0.0605159921912597,0.0105873819567694,0.0329928324487812
"Journey",0.0103698761967559,0.00920651084770147,0.0108684677713551,0.199698430724941,0.031850328311905,0.091056634021163,0.069247280111861,0.0039654944600308,0.085195396804878,0.00201300140073251,0.0661091945810332,0.0135289975396803,0.00184007697181194,0.040018295829837,0.00666739320265101,0.0057785754909689,0.0350134996085609,0.0383388564482383,0.038153638238023,0.0131942638731329,0.00988119915169697,0.00521031697239202,0.0121313839302301,0.0638482843662143,0.0128028351604655,0.00120080029828847,0.0657191172905161,0.0569984482757531,9.3402119181975e-05
"Mumford and Sons",0.00818698906516613,0.0610844163355865,0.0506901463750617,0.138355696382869,0.033885926076366,0.0295133373058575,0.0258507121411801,0.00623547531789114,0.00281815302411407,0.0787513426697013,0.107227954253899,0.000713691033332604,0.0326574032074898,0.00839681295004771,0.00800792895869427,0.052594207355672,0.0337017046522432,0.00832687693823296,0.0074273132210501,0.0266614054910298,0.00106449375404123,0.00912463235777271,0.00371606289181135,0.00212600189525303,0.032995480475375,0.0295093857161621,0.0759638696132046,0.0116907518292111,0.112721828711683
"Muse",0.0011952621592809,0.0121239226954027,0.0293280667015866,0.0837232602737122,0.00745728113268671,0.0282429939431648,0.0288832070458533,0.0025886529865052,0.0817639544507905,0.0278886096284664,0.134642975915179,0.00295019071009723,0.0013104147097433,0.009181484848512,0.00892029221286785,0.0365869492700725,0.135987390430557,0.0503421565023503,0.00996354603222792,0.0352224423524706,0.00852057018588896,0.0308616950493369,0.00903195353392643,0.00964886834995896,0.108230034790249,0.000750739533131637,0.0867389825785866,0.0103013994489033,0.00761270252849135
"Radiohead",0.0437440699823142,0.00189796062813281,0.121478908646015,0.00841735125678141,0.000945007425442073,0.00972817551447666,0.0364591594877076,0.0140369175936409,0.0692174316251736,0.0115416006687712,0.0914691831584394,0.0393460354518078,0.007743575020824,0.0140082369851069,0.00219545990284367,0.031200318797166,0.0918383788328051,0.0350994140494182,0.00667825339433233,0.000564792746948516,0.00180496761931693,0.0404591137844054,0.00524215175746469,0.00440664615352071,0.123732429569321,0.00386625841740881,0.0344697317182435,1.1198105656967e-05,0.148397271706514
"Toby Keith",0.00452059989132366,0.0687158814010655,0.0413314686559761,0.0381775890319982,0.0430346061177187,0.0601578417854588,0.0101835955183006,0.000528856376923481,0.0736057804316689,0.127494589218311,0.00437378531103681,0.010173010892715,0.0985659254948622,0.0396890610313473,0.00923934429530122,0.00398478969015086,0.0129453977732015,0.0717768774504345,0.0653026254842837,0.0622716195966422,0.0663909418257312,0.00269700604198105,0.0030358741609422,0.0130211878868439,0.0421633820503568,0.000346078800027191,0.0105812273722937,0.00951366300966584,0.00617739340343776
"Avicii",0.0357579878370473,0.0346109779115272,0.0585909325416584,0.150066418222281,0.0107913443199355,0.0956465076765737,0.070822160063761,0.00685756381678033,0.0647231078642649,0.065327429358765,0.0409973877004009,0.0140358093410487,0.00254777245967986,0.000539162316995401,0.00565025710776712,0.0288849823521746,0.0577954144369232,0.0413561100139947,0.008652700801792,0.00373544857209694,0.000533142367054859,0.0127539788502986,0.00868828557305465,0.0327203702728185,0.0893408349739322,0.000195056164816569,0.0431650985392741,0.0102159296398248,0.0049978289034583
"Chicago",0.0108341004762123,0.0403613381118475,0.0114419117886115,0.0386995302926942,0.0927598107854404,0.0956852409814303,0.0421994085591622,0.00706453743091297,0.0397640485480161,0.116905922206781,0.011403186051191,0.00164078286412853,0.00302252219673998,0.0871344395220937,0.0101533753184359,0.012219791202738,0.00884529404170011,0.06624162198357,0.00933843408327792,0.0424226888720672,0.0111768425637213,9.47486489147947e-05,0.00210733494711734,0.0707491371615838,0.0986435924207823,0.009761267512531,0.0316323300387663,0.013635861597426,0.0140608997921064
"Daft Punk",0.00914390676095828,0.00712681782989449,0.0591146297290042,0.143157417430814,0.0369140800832722,0.0888489044830655,0.0615057166782186,0.00856485046862713,0.0617166880437186,0.0110086806788428,0.0600140808740296,0.00649182708381821,0.00304745524922312,0.00418384795043787,0.0362412458232125,0.0378307380266251,0.067757409518284,0.0106762197408046,0.0354047904505313,0.0369978320808296,0.00226205527723398,0.00511831420814414,0.0045932092792181,0.0359444705986142,0.0600839308944592,0.0098005018776669,0.0351051973232043,0.00154229084659725,0.0598028907106499
"Depeche Mode",0.029819372080401,0.00653494734261747,0.00494472713721398,0.0942363791231032,0.00496753810529464,0.0379461648927949,0.0586338930378979,0.00443683232019444,0.0659186624598672,0.0137408445693473,0.0964832995755119,0.038685179855922,0.00511157307066617,0.00324886997823986,0.00435714346669579,0.00843403919819877,0.146121864341469,0.113419995949884,0.00702727028615888,0.00581025262747196,0.00183151889793279,0.067149358887533,0.00490966033987783,0.0343421994335606,0.0570285392952714,0.00536815829118305,0.00677943272326235,0.0326497793844272,0.0400625033280009
"Led Zeppelin",0.0108571274866296,0.015966696451082,0.0486466513816548,0.0373082995397749,0.0152266194287915,0.0339061369869053,0.015180666556207,0.00828614978643945,0.108469263546186,0.00921138325560665,0.000936311440695099,0.00132974440766205,0.0151533615337312,0.0138462923466305,0.0470481531372133,0.0750460939050408,0.0799341326798868,0.03617677710627,0.00191097689276821,0.0136908545885107,0.0469955370174832,0.0343358032289927,0.000720059123328768,0.045426349565175,0.144189654037278,0.0151111963205704,0.0415964802494135,0.0416789896515201,0.0418142383485521
"Mercy Me",0.00136977278699657,0.0280566400126176,0.0119851278321222,0.0129984903253509,0.038013595526873,0.133517246687572,0.0550977083371836,0.00900789834810926,0.195562508863904,0.0268297450610502,0.0369104323154212,0.00516505714149486,0.00343501653993632,0.00109489659329672,0.0105913563506566,0.0094641013965657,0.0356468844911837,0.00396628216241086,0.00183539880201458,0.0374772923459853,0.00182642499514839,0.0130016624301128,0.0895420050292689,0.0062115079167028,0.0389255907000078,0.0114246405390068,0.143282657245215,0.00795767732622265,0.0298023818975705
